20130
20587
20436
19713
19709
19708
19712
19711
20586
20588
19719
19720
19729
19722
20799
20800
19723
19724
19725
19730
19759
20801
19726
19727
20592
19731
19732
19734
19735
19739
19737
19738
19951
19742
19740
19741
19746
19743
19745
19744
19747
19748
19750
19749
20310
19721
19752
19751
19754
19756
19755
19757
19763
19760
19764
19765
19761
19766
19762
19780
19778
19779
19781
19782
19785
19784
19895
19787
19786
19796
19799
19794
19788
19795
19789
19805
20163
19798
19797
20071
19800
19801
19802
19804
19803
19811
19812
19806
19807
19808
19710
19809
19810
19817
19813
19814
19815
19816
19973
19818
19823
19820
20606
19819
19821
19822
19827
19824
19835
19830
19828
19834
20091
20379
19836
20966
19841
19926
19837
19838
19839
19840
19843
19842
19844
19845
19846
19852
19851
19850
10025
19848
19849
19855
19853
19854
19869
19877
19856
19867
19946
19968
19870
19875
19868
19872
19873
19874
19876
19878
19871
19879
20007
19880
19882
19881
19885
19883
19884
19893
19889
19886
19887
19900
19890
20019
19896
19894
19899
19903
19897
19971
19904
19912
19906
19997
19907
19908
19909
19905
19928
20846
19913
19914
19920
19915
19901
19916
19917
19918
19921
19924
19923
19676
19677
19922
19939
19938
19940
19941
19950
19944
19949
19945
19952
19953
19954
19947
19948
19994
21103
19965
19955
19966
19956
19957
19967
19925
19970
19972
19969
19974
19984
19979
19980
19981
19975
10237
19977
19982
20013
19976
19978
19983
20086
19990
19991
19989
19999
19995
19993
20003
19996
20000
20001
20002
20004
20012
20005
20006
20025
20021
20008
19998
20014
20022
20058
20016
20017
20020
20018
20056
20023
20045
20027
20046
20093
20230
20039
20042
20041
20052
20040
20108
20043
20047
20049
20051
20048
20149
20061
20066
20054
20059
20050
20060
20065
20067
20288
20069
20072
20068
20073
20070
20074
20096
20082
20015
20075
20089
20080
20081
20078
20079
20085
20277
20090
20095
20131
20132
20100
20101
20102
20104
20097
20098
20099
20103
20105
20107
20024
20133
20076
20106
20125
20128
20147
20134
20135
20136
20143
20077
20139
20140
20141
20142
20146
20145
20144
20155
20148
20150
20151
20152
20222
20153
20215
20156
20161
20178
20160
20157
20158
20162
20159
20164
20165
20176
20177
20175
20179
21248
20180
20181
20183
20182
20194
20212
20184
21094
20206
20207
20213
20187
20189
20190
20191
20192
20185
20193
20209
20210
20208
20188
20211
20217
20218
20221
20220
20219
22204
20229
20223
20224
20232
20231
20233
20234
20235
20236
20237
20238
20239
20241
20031
20240
20242
20243
20246
20244
20245
20250
20251
20252
20253
20216
20247
20248
20273
20254
20255
20257
20265
20249
20369
20256
20269
20271
20266
20285
20281
20278
20280
20282
20279
20275
20276
20283
20284
20287
20303
20294
20286
20289
20292
20293
20611
20301
20300
20298
20302
20307
20312
20326
20306
20328
20316
20329
20154
20299
20311
20317
20313
20314
20315
20323
20322
20324
20325
20330
20372
20374
20335
20334
20370
20336
20610
20388
20338
20339
20341
20377
20380
20381
20382
20340
20373
20186
20385
20383
20384
20387
20386
20400
20401
19670
20397
20399
20402
20403
20404
20405
178
180
177
179
182
183
184
181
20406
185
186
187
188
20407
20409
189
190
191
192
20414
195
193
197
199
20410
20411
20408
20413
200
202
203
20520
20521
201
20412
20424
20425
20427
20432
20426
20429
20428
20431
205
206
204
20441
207
209
210
20458
208
20450
212
20451
20452
20453
20455
20456
20457
211
213
20459
214
215
216
217
218
219
20460
20490
20470
20461
20467
20468
20472
20473
221
222
220
20466
20469
20488
20489
20496
20487
20491
20494
20493
225
226
227
20492
20495
20497
20503
20504
20510
20511
20509
20515
20507
20505
20506
20519
229
231
228
230
20514
20512
233
20517
232
20516
36689
235
20536
234
20524
20525
20518
1114
20522
20646
20523
20527
411
20528
236
20526
237
20337
238
240
241
239
20530
20533
20531
20532
20535
20534
20537
20538
244
243
242
245
247
20554
20555
251
20552
250
252
20529
20553
20556
20560
20094
20559
20569
20571
20581
255
253
254
20589
20582
20681
20585
20584
20593
20594
20596
20591
256
257
258
259
260
261
20967
262
263
20601
20603
20604
20622
20607
20631
20632
20608
20609
20612
20615
20618
20613
20614
20616
20617
20626
20621
20623
20625
20628
20629
20630
20633
20645
20660
20634
20638
20639
20635
20636
20637
20825
20644
20642
20641
20640
20901
20647
20654
20650
20655
20656
20652
20657
20662
20651
20658
9942
20663
20659
277
279
280
281
282
20653
285
286
287
284
288
290
25933
289
20661
20685
20977
20664
20678
20679
20682
20680
20686
20683
20691
20648
20649
20690
20687
20718
20688
20697
20689
20696
20715
20717
20892
20735
20736
20737
20739
20742
20684
20720
20721
20714
20716
20719
20724
20903
20772
20725
20729
20722
20723
20726
9940
20727
20728
20734
20740
20741
20730
20738
20791
20743
20746
20744
20747
20766
20745
20748
20751
20750
20753
21245
21246
20752
20775
20769
20731
20773
20848
20763
20732
20733
20749
20765
20770
20771
20776
20764
20774
20780
21128
20779
20783
20777
20778
20781
20782
20792
22212
20794
20793
20795
20798
20797
20803
20806
20804
20807
20808
20819
20820
20815
20816
20818
20821
20824
20032
20914
20916
264
20827
20828
20830
20834
265
20822
20851
266
20826
20829
20831
20832
20833
270
268
269
20849
20844
20879
20843
20850
20845
20852
20853
20835
20837
20838
20839
20840
20841
20842
20836
20854
20867
20868
20898
22230
20869
20878
20880
20881
20893
20883
20882
20886
20884
20887
20888
20889
20890
20891
20894
20885
20897
20974
20896
20895
20899
20902
20904
20900
20907
20905
20906
20923
20909
409
20910
20911
20092
21010
20922
20926
20912
20924
20960
20692
20694
20695
20925
20927
20928
20936
20929
20930
20937
20932
20933
20934
20935
20938
20939
20940
21041
20941
20946
20949
20952
21143
20945
20961
20962
20931
20947
20948
20950
20951
20953
20990
20968
21037
20993
20973
20969
20972
20984
20970
20979
20975
20976
20978
20908
20982
20988
20985
20986
20987
20989
20991
20992
20994
20823
20995
20996
20997
20964
20999
21000
21001
20998
21002
20963
21006
21003
21004
21009
21011
1170
21019
21008
21012
21016
23087
21014
21015
21017
21018
21020
20980
21021
21022
21023
21026
739
21024
21025
21028
21027
21029
21036
21030
21035
21039
21038
21042
21040
21065
21043
20557
21044
21045
21075
21047
21046
23337
21057
21064
21066
21058
21059
21070
21071
21072
21073
21074
21060
21061
21062
21063
21076
21077
21067
21088
21092
21078
21090
21091
21095
21096
9921
21068
21097
10033
21098
21105
21089
21100
21101
21102
21106
21104
21107
21108
21998
19047
21109
21110
21112
21113
21114
20847
21115
21116
21117
21118
21119
21120
21122
21123
21124
21121
21125
21127
21126
21129
21130
21131
21420
21141
21142
21145
21150
21144
21151
21152
21153
21154
21156
21155
21157
22232
21158
21159
21160
21164
21161
21162
21163
21168
21167
21165
21166
21169
21170
21172
21173
21174
21175
21176
21099
21171
21177
21181
21069
21178
10036
21182
21183
21184
21185
21186
21187
346
21188
21189
21243
21192
21193
21194
396
398
399
21195
21214
21437
21196
21241
21197
21198
21199
21200
21202
21201
21204
21207
21206
21205
21212
21210
21208
21209
21213
21211
21215
21216
21217
21218
21219
21226
21227
21225
21229
21231
21203
21230
21232
21234
9917
19888
21233
21236
21239
21240
21237
21235
21238
21242
21247
21249
21258
21260
21257
21259
21261
9915
21262
21264
21265
21266
21274
21263
21277
21278
21279
21275
21228
21276
21280
21281
21282
21283
21284
21244
21285
21286
21288
21287
21296
21289
21293
21291
21292
21294
21363
21290
21295
20693
21297
22272
21299
21300
21302
21301
21303
21304
21305
21306
21307
21341
21342
21309
21310
21311
21308
21333
22335
21312
21313
21314
21336
21334
21335
21337
21338
21339
21340
21344
21343
21345
21347
21346
21348
21350
21349
21351
21359
21352
21353
21354
21356
21355
22436
22437
21357
21358
21362
21360
21361
21364
21365
21367
21366
21368
21370
21372
22481
21373
21375
21374
21431
21377
21379
21369
21382
21383
21429
21376
21378
21384
21380
21381
21385
21750
22227
22228
21387
21388
21386
21390
21446
21424
21427
21398
21391
21397
21413
21402
21399
21400
21401
21403
21404
21405
21406
21411
21409
21408
21407
21414
21410
21412
21415
21419
21416
21371
21422
21421
21423
21428
21425
21426
21432
21433
349
21434
21435
21436
21438
21439
21440
21441
21442
21443
21444
21445
21447
21448
21454
347
348
21449
21450
21451
21452
21458
21453
21456
21455
21457
21459
21460
21463
21462
21461
383
21464
21466
21480
21465
21467
21471
21468
21469
21470
21472
21476
21477
21481
21482
21475
21473
21474
21478
21479
21486
21483
21484
21485
21487
21489
21488
21490
21491
21492
21493
21496
21497
21494
21495
21498
21499
21500
21501
21502
21503
21504
21505
21506
21507
21509
21512
21511
21513
21516
21515
21514
21517
21567
21530
21518
9923
21519
21525
21526
21527
21528
21529
21531
21532
21533
21534
21536
21537
21539
21540
21538
21541
21535
21544
21542
21548
21616
21543
21549
21550
21551
21554
21555
21552
21553
21556
21565
21557
21558
21563
21559
21560
21562
21564
21566
21569
21568
21570
21572
21571
21574
21573
21575
21576
21578
21579
21580
397
21581
21733
21790
21582
21583
21584
21585
21586
21589
21587
21588
21590
21593
21592
21772
21807
21595
21594
21591
21598
21600
21596
21597
21599
21601
21602
21603
21774
21604
21605
21606
21607
21608
21609
21612
21611
21610
21613
21614
21615
21618
21617
21620
21619
21626
21561
21623
21624
21621
21622
21625
21627
21629
21628
21630
21631
21633
21632
21634
21635
21636
21637
21644
21638
21639
21641
21642
21643
21648
21649
21640
21653
21650
21651
21652
21654
21663
21655
21656
21657
21510
21667
21669
21662
21658
21659
21660
21661
21668
21673
21670
21671
21679
21674
21675
19847
21676
21677
21678
21694
21680
21683
21684
21685
21686
21687
21688
21689
21690
21691
21681
21682
21692
21693
21695
21696
21697
21698
21699
21700
21701
21702
21703
21704
21705
21706
21707
21709
21710
21708
21712
21711
21717
21718
21720
21719
21721
21722
21725
21723
21724
21727
21728
21732
21731
21729
21730
21734
21736
21746
21747
21735
21748
21745
21749
21760
21751
21755
21752
21756
21753
21754
21757
21764
21758
21759
21761
21762
21763
10034
21765
21773
21766
21775
21767
21770
21768
21769
21771
21776
21782
21789
21781
21777
21784
21778
21779
21780
21783
345
21803
21791
21792
21793
21794
21795
21796
21797
21798
21799
343
40347
21800
21801
21802
21805
21806
21804
21808
21810
21811
21813
21814
21812
21816
21815
21819
21821
21823
21818
21827
21817
21825
21828
21854
21853
21829
21855
21856
21865
21857
21858
21859
21860
21861
21862
21863
21864
21871
21872
21870
21873
21874
21876
21875
21877
21878
21881
21880
21879
21884
21882
21883
21885
21897
21898
21886
21893
21894
21895
21896
21899
21900
21901
21903
21905
21906
21907
21908
21909
21726
21910
21936
21911
21902
21913
21937
21912
21915
21919
21914
21918
21924
21925
21922
21923
21920
21921
21926
21932
21930
21931
21933
21934
21935
22725
21938
21939
21941
21940
21942
21943
21944
21945
21949
21953
21954
21946
21950
21955
21956
21957
21951
21952
21958
21959
21960
21947
21948
21961
21963
21962
21964
21965
21971
21966
21967
21968
21969
21970
21972
21973
21974
21975
21978
22059
21980
21976
21977
21979
21981
57
21982
21983
21984
21577
21985
22074
21996
21995
22002
21997
21999
22000
22001
22075
22076
22078
22077
22080
22010
22009
22011
22014
22012
22013
22015
22016
22018
22017
22019
22020
22021
22022
22023
22024
22025
22026
22027
22028
22029
22031
22063
22064
22030
22033
22032
22034
22035
22036
22037
22042
22043
22044
22045
22046
22047
22048
22049
22050
22051
22052
22053
22055
22054
22056
22057
22058
22060
22061
22062
22065
22068
22066
22067
22072
22073
22079
22081
22082
482
23343
24409
22085
22083
22086
22087
22088
22084
22091
22101
22089
22090
22102
22103
22104
22105
23446
22106
9937
22107
22108
22109
22111
22110
382
22112
22113
26492
22114
22115
22116
21389
22117
22118
22119
22120
22121
22122
22123
22124
22380
22132
22128
22129
22130
22125
22126
22127
22133
22134
22293
22135
22136
21179
22137
22138
22139
22140
22141
22142
22143
22144
22145
22146
22162
22240
22147
22148
22149
22150
22169
22170
43437
22163
22164
22165
22166
22167
22168
22172
249
22171
22173
22174
22178
22175
22176
22177
22179
22180
22183
22182
43438
22185
22187
22186
22189
22190
22191
22193
22194
22192
22195
22196
22197
22200
22201
22198
22199
22202
22205
22203
22207
22259
24076
22206
22210
22208
22209
22211
22220
22221
22213
22217
22218
22219
22222
22223
23656
22225
22224
22226
22229
22231
22241
22242
22239
22233
22234
22235
22236
22243
22245
22244
22249
22246
22248
25988
22252
22253
22254
22454
22255
23711
23712
22540
22256
22257
22265
22264
22260
22261
22262
22263
22266
22267
22247
22269
22270
22271
22275
22268
22273
23743
22274
22277
1739
22278
22280
22279
22281
22282
22286
22287
22288
22283
22284
22285
22290
22289
22291
22292
22295
22296
22311
22312
22297
22298
22315
22316
22294
22313
22314
22320
22321
22322
22323
22329
22319
22317
22318
22324
22325
22333
22334
22328
22327
22326
22353
22336
22338
22337
22339
22340
22354
24210
22341
22342
22345
22344
22361
22343
22346
22347
22348
22349
22350
22379
22352
22355
22358
22359
22360
22356
22357
22370
22362
22368
22369
22364
22377
22378
22381
22382
22727
22371
22388
22383
22385
22386
22387
22390
22628
22389
22391
22392
22393
22395
22407
22394
22409
22410
22408
22411
22412
22413
1
22414
27462
22415
22433
2
22365
22416
22419
22420
22421
22422
22423
22424
22425
22426
22184
22435
22434
22441
22376
22438
22439
22442
22443
22444
22445
22788
22789
3
22446
22447
22703
22366
22501
4
23341
23342
22448
22449
22450
22451
22452
22456
5
22453
22455
22457
22458
764
22367
22459
22460
22462
22461
27574
7
9924
9936
22469
22471
22472
22473
22474
8
22475
9
22528
9952
22476
22479
22480
22477
22478
22483
22363
10
22482
11
22468
22497
22484
12
22485
22486
22487
22494
22502
22488
22496
22491
22492
22498
22499
22503
22505
21904
22504
22506
22507
13
22508
15
16
22511
22512
22514
22516
22513
17
22518
22515
22522
22521
22517
22519
22520
22527
22531
18
22530
22529
22535
22536
22537
20454
22538
22533
19
20
22541
22542
22534
22539
22543
22587
22544
22545
22417
22550
22551
22546
22
22552
21
22556
25157
22553
23
24
25
22418
22554
22555
22557
22558
22559
22560
22561
26
22564
22565
27
22500
22568
22569
22566
22567
22699
22570
22571
22596
22573
28
22572
22576
22574
22575
22577
22578
22579
22581
22582
22580
22584
22583
22585
22586
22790
29
30
22470
22593
22588
22589
22592
22594
22595
22597
22598
22602
31
22601
22599
22600
22603
22604
22605
22606
22608
22610
22609
22607
22612
22619
22621
22613
22615
22617
22620
22618
25689
22624
32
22616
22622
22623
22625
22629
22634
22633
33
22627
22630
22631
22637
22638
20965
22614
22640
22635
22636
22639
22649
22641
22642
22647
22650
22660
22643
22644
22645
22646
22648
22658
22659
22651
22661
22626
22662
22664
22665
22663
22666
22667
22668
22670
22669
22690
23883
34
22674
22676
22677
22691
22671
22672
22673
22675
22687
22688
22689
22692
22694
22695
23838
23840
22696
22693
43440
35
22697
22698
22756
36
22706
22718
22702
22704
22705
22715
22716
22717
43441
22719
22720
22721
22722
43442
22729
22723
22726
22728
22724
22730
22731
43443
22732
22733
22734
22743
22749
22745
22748
22768
22744
22746
22747
22750
43444
37
22751
38
22752
22899
40
39
41
22753
22754
22755
22757
42
22759
22758
22770
22772
22769
22771
22760
22761
22762
22767
22774
22773
22775
22776
22780
22779
22781
22777
22778
43445
22794
22783
22784
22785
22786
22791
22792
22793
22805
22796
22797
22800
22801
22802
22803
22795
22798
22799
22804
22806
22811
43
22807
22808
22809
22810
22813
44
22812
22818
22819
22814
22815
22632
22816
22817
22822
22823
22825
45
22824
22827
22820
22821
22826
22831
22835
22830
22832
22833
22834
22837
22840
22838
22841
22839
23102
46
22842
22843
22844
47
22845
22846
22847
48
22848
49
22782
22858
22849
22857
22859
22860
22861
22862
22863
21298
22864
22865
22867
22869
22866
22868
22870
22873
3138
22875
22876
22897
22993
50
22871
22872
22874
22882
22883
22884
51
52
22885
22886
22890
22891
53
22887
22888
22889
22892
22893
22894
54
55
22895
22896
22900
56
22898
22901
22908
22909
22910
22918
22920
22911
22912
22923
22924
22919
22921
22922
58
22925
59
22926
22996
22927
60
61
22945
22947
22939
22944
22942
22948
22940
22941
62
22943
22946
22949
22950
22952
22957
22951
22953
22955
22956
65
63
64
22959
22958
66
22961
22962
22965
67
22964
22963
22960
68
22970
22971
69
22966
22967
22968
22969
70
71
22976
22977
73
22978
72
22979
22980
22974
74
22981
22982
22983
22984
22985
22986
22987
22988
22989
22991
75
22975
22990
76
22992
22999
23609
23610
22994
22995
22997
22998
23002
23000
23001
77
78
22917
23019
23008
23009
23010
23011
23012
23013
23014
23015
23016
23017
23018
23020
23021
79
23022
23023
80
23024
23025
23026
23027
23032
23033
23034
81
23035
23036
23037
23039
23041
23043
82
23042
23045
23046
23047
23044
23048
23050
83
23049
23051
23053
84
23054
24187
23055
23056
23062
23063
86
23057
23058
23059
23060
23061
23064
23066
23065
23067
88
89
23068
23069
23070
23071
23086
90
23038
23040
23072
23084
23085
23088
23089
23090
23091
23092
23093
23096
23094
23095
23099
23101
23100
91
23103
92
23116
23114
23115
94
22700
22701
23117
23118
23124
23121
23122
23123
23120
23125
93
23119
23126
23127
23128
23129
23130
23138
95
23131
23135
23136
23137
23790
96
23768
23139
97
23140
98
23142
23150
23141
23143
23144
23147
23148
23149
99
100
23151
23152
23153
23154
23112
23157
23158
23159
23160
101
23161
23162
23163
102
103
23164
23166
104
23165
23168
23169
23170
23171
23172
23181
23173
23174
23176
23175
23182
23185
23186
23187
23188
23184
23190
23191
23189
106
105
23197
23196
23198
23192
23193
23194
23195
23200
23204
23209
23205
23206
23207
23208
23210
23215
23216
23211
23212
23213
23214
23217
107
23218
23340
23219
23220
23223
23228
23221
23222
23231
23229
23230
23234
23235
23236
23232
23233
23237
146
109
23199
23238
23239
23240
23241
110
23242
23244
23245
23255
3021
23256
23257
23258
111
23259
23260
23263
23267
23265
23261
23262
23264
23266
112
23270
23268
23269
113
23273
23274
23276
23271
23272
23275
23282
23283
23291
23298
23247
23292
23293
23305
114
23297
23299
23301
23303
23295
23296
23304
23306
23294
23302
23308
23307
23309
23310
23311
23314
23312
23313
115
23316
23317
23318
23320
23315
23319
23325
23327
23326
23811
23333
23328
23329
23334
23330
23331
23332
23335
23339
116
23183
23336
23338
23347
23348
23349
118
23344
23345
23346
23350
23351
23352
117
23364
23363
23365
23366
23368
23369
23371
23367
23370
23300
23372
23374
23375
119
23373
23376
23377
23378
23379
120
121
23380
122
123
23464
23387
23385
23384
23386
23381
23388
23389
125
124
23390
23391
126
23396
23392
127
23393
23394
23397
23395
23398
23399
23400
23401
24117
23402
23403
23404
23405
23406
23407
23408
23409
129
23410
23412
23411
130
131
23414
23413
23415
132
23416
25847
23417
23419
23418
23422
23423
23420
23421
23428
23429
23430
23431
23433
23432
23434
23438
23442
133
23439
23441
23440
43789
43788
23444
134
135
23435
23436
23437
23443
43790
43791
23445
136
23447
43792
43793
23449
23450
23451
23452
23453
23454
23455
23456
23457
23458
137
138
23459
23460
23461
23462
23463
43794
23468
23465
23466
23467
23473
23474
23475
23680
23476
23477
23478
23480
23479
23481
23482
23485
139
23483
23484
23486
23501
23489
23490
23491
23492
23493
23502
23503
23487
23488
23504
23505
23510
23506
23508
23512
140
23511
23509
23507
23513
43795
23514
23515
23516
23519
23821
23517
23518
141
23527
23528
23529
23520
23525
23526
23530
142
23534
23532
23533
23535
23536
23537
23538
23539
23531
24814
24816
24819
24820
24821
24822
24829
24830
24831
24832
24834
24835
24837
43796
43797
43798
23540
143
23541
23542
23543
144
145
23544
23545
23546
23547
23548
23549
23550
23551
23556
23552
23555
23553
23554
24810
23557
23559
23560
23562
23558
23561
23613
23581
23563
23564
23584
23582
23583
147
23590
23585
23586
23587
23588
23589
23595
23591
23593
23594
23596
23597
148
23592
23602
23598
23600
23603
23604
23605
23608
23599
23606
23607
149
25043
25044
23614
23611
23612
23615
822
23628
23616
23617
23618
23619
23620
23621
23629
23630
23696
23633
23634
23632
23631
23635
23638
23641
23642
23643
23636
23637
23639
23640
23644
23648
151
23645
23646
23647
23654
23655
23653
23657
23658
23659
23660
23668
23662
23664
23665
23667
23672
23674
23671
23675
23663
23669
23670
23681
23678
23679
23676
23677
23686
823
23683
23684
23685
23689
23690
23687
23688
23693
23692
152
23695
23714
23691
153
25102
23700
23701
23708
23709
23707
23697
23698
23699
23702
23703
23704
23705
23706
23710
23713
23715
23716
23717
154
23721
23728
23718
23719
23720
23722
23723
23724
23725
23726
23727
23729
23730
23731
23732
23733
23734
23738
23739
23740
23741
23742
23744
23745
23746
23747
23748
23749
23750
23752
23755
23757
23751
23756
23758
23753
23759
23760
23761
23762
155
156
23763
23764
23769
157
158
23766
159
606
23778
160
43799
23771
23772
23776
23777
23767
23770
23773
23774
23775
607
23786
23787
23788
23789
43800
604
605
9931
23791
161
24030
23792
23793
23794
23796
23795
23797
23798
23799
23800
23805
23801
23802
23803
23804
23808
23806
23807
23809
23810
43801
23812
23813
23814
23815
23816
23817
23818
23819
23820
43802
43803
43804
23822
23823
23824
23825
23834
23835
23839
23842
23841
23836
23837
23843
23846
23844
23845
23850
23849
163
23848
23851
23852
23853
23854
23857
23858
23859
23860
23861
23862
23863
43805
43806
43807
23864
23871
23865
23866
23868
23869
23870
23872
23874
164
165
23873
23867
23876
23878
23877
23879
23880
23875
25270
23881
170
23884
23882
166
3022
23847
167
168
169
43808
23892
23893
23885
23890
23891
23894
23896
23895
23897
23902
23900
23904
23903
23898
23899
23905
23906
29813
23907
171
23909
23908
23911
23912
23915
23916
23917
23918
23910
23913
23914
23919
23920
23925
172
23921
23926
23934
23935
23927
24011
23936
23928
23929
23930
23931
23932
23933
23937
23938
23939
23940
23941
23942
23943
173
43809
23946
174
175
23987
23947
23948
23949
23950
23951
23952
23953
23954
23955
23956
23957
23958
23959
23960
23961
23962
23963
23964
23965
23966
23971
23972
23973
23974
23975
23976
23977
23978
23982
23983
23984
23986
23988
23990
23991
23998
176
23999
24000
24002
24001
43810
24010
271
272
24003
24004
24005
24006
24007
24008
24009
24012
24013
24014
24015
23989
24027
24024
24025
24016
24026
24029
273
24028
24031
24032
274
275
24037
25492
276
24038
24040
24041
24039
291
24042
24043
24033
24129
24047
24048
24046
24034
24035
24036
24049
24050
293
43811
24051
24062
24063
24064
24052
24053
24054
24055
24056
24057
24058
24059
24060
24061
25545
24066
24065
294
295
24070
24067
24069
24068
24071
24072
24073
24074
24075
24078
24077
24079
24080
43812
43813
296
24081
24082
24083
24088
24089
24090
24091
24092
24094
24095
24093
24097
24096
24098
24099
24100
24103
24107
24112
24101
24102
24105
24106
24104
24113
24114
24116
24118
24119
298
299
297
24123
24121
24125
24122
24124
24126
24127
43814
24128
24130
24135
24136
24131
9935
24120
24137
24138
24139
24142
24143
24141
24140
24145
24144
24148
24149
24150
24151
24152
24153
24154
24115
24160
24161
24162
24163
24165
24220
24164
24166
24146
24147
24167
24168
24170
24224
24169
24171
24172
24174
24173
24175
24176
24177
24178
24181
9951
24179
24182
24183
24184
24185
24189
24188
24195
24186
24190
24191
24192
24193
24194
24208
24209
24200
24196
24197
24198
24199
24211
24213
24218
24212
24214
24215
24216
24217
24219
24221
24222
24223
24226
24225
24227
24230
24231
24233
24232
24234
24235
306
302
300
301
303
304
307
24242
24236
24237
24238
24239
24240
24241
24243
24244
24245
24247
24248
24249
308
309
24250
24253
24251
24252
24254
24255
24256
24257
24260
24261
24359
24358
24262
24263
24328
310
24264
311
24363
312
24267
24265
24266
24268
24274
24275
24278
313
315
316
9928
24276
24279
24281
350
24280
24282
24283
24284
24285
24286
24287
24368
24369
24370
24371
24288
24277
24372
24373
24375
351
352
24376
24377
24378
24379
24380
24381
24382
24383
354
353
10032
24384
24289
24290
24291
24292
24385
356
357
24386
355
24293
24246
24296
24297
24298
24299
24300
24301
24302
24303
358
360
362
363
24305
359
361
364
24304
365
24306
366
24307
24311
24312
24413
24313
24314
24315
24316
24317
24324
24325
24326
24327
367
24329
24330
24331
24332
24333
24334
24343
24335
24336
24337
24338
24339
24340
24341
368
369
370
371
24344
24346
24342
24345
372
376
24351
24352
374
375
373
24350
24353
24347
24348
24349
378
24259
24354
24355
379
24357
385
381
380
384
24360
386
387
24361
388
25706
24362
389
24367
393
394
390
391
392
395
24356
403
401
400
404
10037
24388
405
24387
406
24394
408
407
24389
24390
24391
24392
24393
24395
24398
24404
24397
24399
24400
24403
24401
24402
24406
413
24407
24405
24408
24410
24411
24412
417
416
418
419
420
24414
422
423
421
24415
24416
424
427
428
429
24421
425
426
24420
24423
24426
24677
24679
24678
430
24422
24424
24425
431
432
24565
24566
24569
24570
24567
24568
24571
24572
24573
433
24575
434
24581
24574
24576
24582
24583
435
24584
436
24586
437
24585
24590
24587
24588
24589
438
439
463
24592
24593
24594
24595
24596
464
24591
24597
24598
24599
24600
24656
24601
24605
466
24624
465
24604
24610
24608
24609
24607
24611
24612
24606
24613
468
469
24618
24614
24615
24616
24617
471
24619
24620
24621
470
24622
474
472
473
24623
477
476
475
479
478
480
551
24634
24635
24636
24637
556
24631
24632
24633
24625
24626
24638
24639
24640
558
559
560
561
24641
24642
24643
24644
24645
24646
24647
562
24417
24418
24419
565
24648
24649
24650
24651
24652
24653
566
24654
24655
568
24657
24659
24660
24661
24662
24663
24664
24665
24666
24668
24667
24669
571
570
572
24670
24671
24672
24673
24674
24675
573
24682
24681
574
24676
24680
24683
24684
577
578
579
24685
580
581
24694
582
583
24686
24687
24688
24689
24690
24691
24692
585
586
584
24693
587
588
9941
24697
24698
24699
589
590
24700
591
592
593
594
25919
24701
24702
24703
599
24705
600
601
602
598
24704
24707
603
24708
24710
608
609
24711
24712
24713
24715
24714
611
24716
612
24720
24717
24718
24719
24721
24722
24723
24736
24724
24725
24726
616
618
24727
619
620
624
23682
621
623
24728
24730
24729
625
24732
626
24733
627
24731
24734
24735
628
24738
24737
629
24739
634
630
631
636
637
635
24748
24749
24750
24751
638
24752
24755
24756
24753
24754
24757
24758
640
641
642
24759
24696
644
645
649
651
24761
24763
650
24760
647
648
24762
653
652
24767
24766
24768
24769
655
24770
654
24774
24771
24772
24773
24775
24776
24777
24778
24780
24781
657
658
659
24779
24782
24783
660
662
664
665
1158
663
24784
667
24793
668
24792
671
1159
669
670
672
24794
24795
24796
24797
673
24798
675
676
677
24799
24800
24801
24856
679
24804
24805
24807
24802
24803
24806
24809
680
24808
24811
24815
24813
24857
25012
20378
681
682
683
24818
24828
25439
24817
24823
24824
24825
24826
24827
685
686
24839
24841
684
24836
24838
24840
687
688
24854
24843
24855
25004
25017
689
24977
24852
24853
24848
24980
24981
24982
24983
24984
25005
25008
25011
25015
25016
25018
25019
25020
25021
25022
25023
25025
25026
25027
25028
25029
25030
25033
25034
25035
25036
24842
24844
24845
24846
24847
690
691
692
25007
694
693
24978
24979
24985
24995
25006
24986
24987
24988
24989
24990
24991
24992
24993
24994
695
25009
25010
25013
697
25014
25031
25032
25037
25038
698
699
25039
25040
25041
25042
700
701
643
25046
25047
705
646
702
703
704
25045
712
25049
25050
25051
713
714
715
718
1181
1182
716
721
719
720
725
726
25166
729
730
733
734
736
738
737
740
741
742
743
744
745
746
749
750
753
755
754
756
9911
9912
758
760
759
27087
761
25055
25054
25052
25053
762
763
25056
25057
766
765
767
26035
770
769
771
25061
772
773
774
25059
25060
25062
776
775
25063
778
25064
25065
25070
25066
25067
25068
25069
25074
32225
25071
779
780
25072
782
25075
25076
25077
781
783
20817
25079
25080
25078
25082
784
785
787
786
789
25083
788
790
797
791
792
793
795
796
794
25084
799
25085
798
25091
25092
25094
800
25090
25089
803
802
804
805
806
801
25093
810
811
807
808
809
813
815
812
814
816
817
25095
818
25096
25097
25098
819
820
25099
25100
25101
25103
25104
25105
25107
25106
25108
25109
25110
25111
25112
825
25113
25114
25115
25116
25117
25118
25119
25120
25121
826
827
828
9930
25122
25123
25124
829
830
25188
25125
25127
831
25129
25132
25133
25144
25146
25143
25145
833
834
835
832
25147
25148
25149
836
837
25150
25151
838
841
839
840
25152
25153
25154
25155
25156
25158
25159
25160
25161
842
843
25164
25163
25162
25165
844
846
845
847
25167
849
25171
848
25168
25169
25170
25172
25173
25174
25175
25176
25177
25178
25179
25180
852
854
25181
853
25184
25183
25187
25190
25185
25186
855
25189
25218
857
858
25192
859
861
863
25191
25194
25195
860
862
864
865
25193
867
25196
866
25197
25198
25199
25200
25201
869
25202
868
25205
25207
870
25206
25208
25209
25210
871
872
873
25212
25457
874
25213
25214
25215
25216
25217
875
25222
880
876
877
878
879
25221
25220
25223
25224
25225
25226
882
25219
881
25227
25228
25229
884
885
25230
886
887
888
25231
25234
25232
25233
25238
25235
25236
25237
25239
25240
25241
25242
25255
891
893
890
25256
889
892
25243
25244
25252
25253
25254
25259
895
896
25257
25258
25268
25260
25261
25262
25263
25264
25265
25266
25267
897
25269
25271
25272
25273
25277
898
25274
25275
25276
25281
25278
25279
25280
25282
25283
25284
25285
25286
1208
899
25287
25303
900
25291
25299
25300
25301
25308
25309
25310
25311
25312
25313
904
902
903
25319
901
25302
25314
25315
25316
25317
25318
25320
25322
25321
25323
25324
25326
905
906
25325
25327
25328
25329
907
25332
908
27566
25330
911
25334
912
25333
25335
910
25331
916
913
914
915
25336
25337
25338
25339
25340
25341
25353
918
25342
25343
25344
25345
25346
25347
25348
25349
25350
25351
25352
25354
25355
25356
25357
25358
919
920
25361
25362
25359
921
25360
25364
924
25288
25365
922
923
25366
25367
25368
925
25369
25370
25371
25372
25373
25374
25376
27590
927
25375
928
25377
25378
25379
25380
25381
25382
931
25383
25387
25388
25389
25393
929
909
930
10023
25385
25386
25391
25392
25395
25390
25394
25402
932
933
935
936
937
934
25396
25397
25420
939
25398
25399
25400
25401
25403
25404
25451
941
938
940
25422
25423
25424
25425
25426
25427
25428
25429
25421
25430
25534
25384
25432
25433
942
943
944
25434
25435
25436
25437
25438
946
947
25454
25455
25456
25458
25459
25464
948
25465
25470
949
25466
25467
25468
25469
25473
25474
25475
25476
25477
25478
25479
25480
25481
25482
25483
25485
25484
950
25486
25487
25488
25489
25490
25491
25494
25495
951
25498
25500
25501
25502
25503
25504
25505
25506
25507
25508
25509
25510
25511
25512
25513
25514
25515
25516
25520
25521
25522
25523
25524
711
883
945
25532
25533
25525
25527
952
953
25526
954
25528
25529
25530
956
957
958
959
955
25546
25547
25531
25535
25536
25537
25538
25539
25540
25541
25542
25543
25544
1160
1161
25554
960
25548
25549
25550
25551
25552
25553
25555
25556
963
964
965
966
25557
25559
25561
25562
25563
25558
25560
25564
25565
25566
25567
25568
25569
25081
971
967
968
969
970
972
25570
973
974
975
25661
25584
976
25571
25572
25573
25574
25575
25576
25577
25578
25579
25580
25585
25586
25587
25588
25589
977
4537
25590
25591
25592
25593
978
979
25597
25598
25600
980
25594
25595
25596
25599
25601
25602
25603
25604
981
25613
25621
25612
25614
25615
25616
25617
25618
25619
25620
25622
983
25624
25626
25627
982
25623
984
986
987
10386
988
25631
25633
25636
25628
25630
25632
25634
25635
25637
25638
25639
25640
25643
25646
25641
25642
25644
25645
25647
25625
25648
25650
25651
25652
25653
25658
989
25654
25655
25656
25657
25659
25660
25662
27883
25669
25670
25663
25664
25665
25666
25667
25668
25671
25672
25673
25674
25675
25676
25677
25678
25679
998
999
1000
25680
997
990
996
25682
1001
25684
25685
25686
25687
1003
1004
1005
1006
25846
26392
26393
1008
1007
26394
25692
25691
25690
25699
25694
25695
25696
25697
25698
25681
25683
25693
25700
25701
25702
1009
25703
10029
25704
25705
25711
25736
25737
25707
25709
25708
25710
1010
1011
1012
1013
25727
25728
25729
25730
25731
25732
25733
25734
25735
1014
1015
25738
25739
25740
25752
25757
25741
25742
25743
25744
25745
25746
25747
25748
25749
25750
25751
25753
25754
25756
25688
25755
1016
1017
1018
25766
25758
25759
25760
25761
25762
25763
25764
25765
25767
25768
25769
25770
25771
25772
25773
25774
1024
1025
1019
1021
1020
1022
1023
25777
25778
25779
27927
25782
25784
25780
25781
25783
25872
25873
1027
1026
25785
1028
25786
25787
25788
1029
1030
25791
25789
1031
25790
25792
25793
25794
25795
25796
25797
25798
1162
1032
1034
1035
25802
25799
25800
25801
1036
25803
25804
25805
1037
25807
25806
25808
1038
25816
1039
1040
1041
25817
25818
25819
1043
1044
1045
1046
1047
25820
25821
25822
1048
1049
1050
10181
25823
25824
1051
25825
25826
25827
25828
25829
25830
25831
25832
25833
25834
25838
25839
25841
25842
1052
25840
1053
1056
1055
25843
25844
25845
25848
25853
25854
25855
25856
25857
25859
1057
1058
1059
1060
1061
1063
1064
1033
1062
25858
25860
25861
25862
25863
25864
25865
25866
25867
25868
25869
25870
25871
25874
1065
25875
25876
25877
25878
25879
25880
25881
25882
25884
25885
25886
25887
25888
25889
25890
25891
25892
25893
25894
25895
25896
1066
25897
25898
25899
25900
25901
25902
25903
25904
1067
1068
1069
1163
1072
1165
1166
1070
1071
25905
25906
25907
25908
25909
25911
25936
1073
1074
25910
25913
25914
25921
1075
1076
25918
25920
1077
25922
25923
25926
25924
25925
1078
25927
1081
1080
1085
1086
1087
1082
1083
1084
25928
25929
25930
25931
25932
25934
25935
25937
1079
1089
1088
25938
25939
25940
25941
1090
25943
1091
1092
25947
25948
25949
25944
25942
25945
25946
25950
1093
1094
25951
25952
25953
25954
25955
25956
1095
25957
25961
1096
25958
25960
1100
1099
1097
25959
25964
1101
25962
25967
25966
25963
25965
1102
9947
1103
25981
1104
1105
1106
25982
25983
25984
25985
1107
1109
1110
25991
25992
1108
25989
25990
26001
25993
1111
1112
25994
25995
25997
26005
26002
26003
26004
26006
26013
1113
26014
26015
26016
26017
1116
1115
26018
26019
26020
26021
1119
1118
26022
26024
1120
26023
26025
26026
26027
26028
26029
26030
1121
26032
26031
26033
26034
26036
26044
26037
26038
26039
26040
26041
26042
26043
26045
26046
26047
26048
26049
26050
1164
26051
26052
26055
26066
1126
1127
1128
1123
1124
26056
26057
26058
26059
26060
26061
26062
1129
26063
26064
1130
1131
1132
1133
26065
26067
26068
26069
26070
26071
26072
1137
26100
1138
26101
1134
1135
26079
26080
26081
26082
26083
26084
26085
26086
26087
26088
26089
26090
26091
26092
26093
26094
26095
26096
26097
26098
26099
26222
1139
26102
1140
26103
26104
26105
26106
26107
26108
26109
26111
26112
26113
26114
26115
26116
26117
26118
26119
26120
26121
26122
1143
26128
1144
1142
26127
26139
26145
1145
26140
26141
26142
26143
26144
26146
1146
1147
1153
1149
1150
1151
1152
26147
26148
26149
26150
26151
26185
26152
1154
26153
26154
26155
26156
26157
26158
1156
26167
26159
26160
26161
26162
26163
26164
26165
26166
1157
26168
26169
26170
26171
1168
1167
26172
26176
26177
26178
26179
26180
26181
26182
26289
26290
26291
26293
26292
1173
1174
1171
1172
26183
26184
26186
26187
26188
26189
1175
1176
26294
26296
26297
26190
26191
26192
26193
26194
26195
26196
26197
1178
1179
1180
26198
26202
26203
26199
1183
26210
26200
26201
26204
26205
26206
26207
26208
26209
1185
1186
1187
1184
1188
26211
26216
1190
1189
26212
26215
26217
26218
1191
1192
26219
26220
1193
26230
1194
1196
26221
1199
1197
1198
26223
26224
26225
26226
26228
26233
1201
1200
1202
26229
26231
26232
26234
26235
26236
26237
1204
26248
26249
1207
26247
1209
1212
1210
1211
1213
26251
824
10028
1214
26252
26253
26254
26255
1215
26256
26257
26258
26259
26260
26261
1217
26262
26263
26264
26265
26266
26267
26268
1218
1220
1219
26270
26271
1221
1222
26272
26273
26274
26275
26276
26277
26278
26279
26280
26281
26282
26283
26284
1223
26288
26285
26286
26287
1224
1225
856
1226
26295
1229
1230
1231
1227
1233
1235
1232
1234
26299
26298
26301
1236
26300
1237
26302
26303
26304
26306
26305
26307
26053
26054
26308
26309
26310
26311
26312
26313
1239
1238
26321
26323
26325
26324
1240
26331
26336
26332
26330
26329
26327
26333
26334
26328
26335
1241
26337
26338
26339
26340
1577
1242
1243
1244
1245
1246
26341
26342
1247
26343
1248
26344
26345
26346
1251
31551
1250
26347
26348
26349
1252
26350
1253
1254
1255
4541
1256
1257
26352
26353
26351
1258
10026
26354
26355
26356
26357
26358
26359
26360
26361
26362
26363
26364
26365
26369
26370
26371
26372
26373
25289
1259
1260
1261
1262
26374
26375
26376
26377
1266
26382
1267
1263
1264
1265
26378
26379
26380
26381
1268
1269
26383
26384
1270
1271
26386
26387
26388
26389
26391
1272
26395
926
26424
1273
26385
26390
26396
26397
26398
26399
26400
26423
26425
26426
26427
26428
1274
26429
26430
26431
26432
26433
26434
26435
1276
1277
26436
26437
28882
26443
1278
26438
26439
26440
26441
26442
26444
26445
27632
26457
1279
26446
26447
26455
26456
1281
1282
1283
1284
1285
1286
1287
1288
26460
1280
26458
26459
26461
26462
26463
26465
26466
26464
1289
26467
26468
1290
1291
1292
26469
26470
26473
1295
26715
1296
1297
26479
1298
26474
26475
26476
26477
26478
26480
26481
26482
26483
26484
26485
1299
26489
1300
1310
1311
26491
27887
26486
26487
26488
26490
26497
1312
26498
1313
1314
26499
1316
1315
26500
26501
1317
1319
1320
1321
1322
26502
26503
26504
26505
26506
26507
26508
26509
26510
26511
26512
26513
26514
26515
26516
1327
1328
26531
1324
1325
1326
1330
26536
1329
26532
26533
26534
26535
26537
1331
26538
1332
1333
1336
26540
26542
26539
26541
26543
26544
26545
26546
26547
26548
1337
26549
26550
26551
26552
26559
26560
1338
26575
26561
26562
26563
26564
26565
26566
26567
26568
26569
26570
26571
26572
26573
26574
26576
1339
26580
26581
26582
26583
26584
26585
26586
26587
26588
26589
26590
1340
26591
26592
26593
26594
26595
26596
26597
26598
26599
26600
1341
26601
1342
26602
26603
26604
26605
26606
26607
26608
26609
26610
26611
26612
26613
26614
26615
26616
26617
26618
26619
26625
26626
26627
26628
26629
26630
26631
26632
26633
26634
26635
26636
26637
26638
26639
26640
26641
26642
26643
26644
1343
1345
26648
26666
26645
26646
26647
26649
26650
26651
26652
26653
26654
26655
26656
26657
26658
26659
26660
26661
26662
26663
1346
1347
26667
26668
26669
26670
26671
26672
26673
26674
26675
26676
26677
26678
26679
26680
26681
26683
26684
26685
26686
26697
26690
1352
26687
26688
26689
26691
26692
26693
26694
26695
26696
1353
1354
26698
26699
26700
1355
26701
26702
26704
26705
26706
26707
26713
26714
1357
1356
26716
26717
26718
26719
26720
26721
26722
26723
26724
26725
26726
26727
26728
26729
26730
26731
26732
26752
26753
26741
1358
26742
26743
26744
26745
26746
26747
26748
26750
26751
1362
26754
1360
1359
1361
26755
26756
26757
26758
26759
26760
26761
26762
26769
1365
26768
1363
1364
26763
26764
26765
26766
26767
26770
26771
1366
1367
1368
26776
26779
1369
26773
26774
26775
1370
26772
26777
26778
26780
26781
26782
26783
26784
26785
26811
26786
26787
26788
26789
26790
26791
26792
26793
26794
26795
26796
26797
26798
26799
26800
26801
26808
26809
26810
1371
1372
26816
26825
26833
26834
26835
1373
26827
26829
26830
26828
26812
26813
26814
26815
26817
26818
26819
26820
26821
26822
26823
26824
26826
26831
26832
26836
26837
1374
26838
26839
26840
26841
26842
26843
26844
26845
26846
26847
26848
26849
26850
26851
26852
27143
1375
26853
26854
26855
26856
26857
26858
26859
26860
26861
26862
26863
26864
26865
26866
1376
1377
26869
1378
26913
26867
26868
26870
26871
26872
26873
26874
26875
26876
26877
26878
26879
26880
26881
26882
26883
26884
26885
26895
26896
26897
26898
26899
26900
26901
26902
26903
26904
26905
26906
26907
26908
26909
26910
26911
26912
26915
1380
1381
1379
26914
26916
26917
26918
26919
26920
26922
1383
26921
26923
26924
26925
26926
26927
26928
26929
26930
26931
26932
26933
26934
26935
26936
26937
26938
26939
26940
26941
26942
26943
26944
26945
26946
26947
26948
26949
26959
26960
26961
26962
26963
26964
26968
26967
26971
26970
26966
26965
26969
27165
1385
26972
26986
1387
1388
25058
27028
27029
27030
27027
27137
1389
1390
26985
1391
26973
26974
26975
26976
26977
26978
26979
26980
26981
26982
26983
26984
26987
26988
27000
27109
1394
1396
26749
1395
26989
26990
26998
26999
27001
27002
27015
1397
26996
1398
1399
26991
26992
26993
26994
26995
37692
26997
1400
27003
27004
27016
27017
27020
27018
27021
27026
1402
27024
1401
27022
27023
27025
27031
1403
1404
1405
1406
1407
27032
27033
27034
27035
27036
27037
27038
1409
27108
1408
27051
27055
27056
27057
1410
27048
27052
27053
27054
27058
27059
27060
1411
1412
27065
27066
27061
27062
27063
27064
27069
27089
27067
27068
1413
1414
27072
27073
27070
27071
27075
1415
27077
27078
27079
1416
1417
1418
1419
27080
27081
27090
1420
1422
27082
27094
1421
27095
27096
27083
27084
27085
27086
27088
27091
27092
27093
27097
27098
27099
27107
26665
27101
27100
27102
27103
27104
27105
27106
1423
25211
27110
27111
27112
1424
27113
27114
27142
27115
27117
27118
1425
1442
27116
27119
27120
1445
1446
27121
27122
27123
27124
27125
1447
1449
1448
1452
1453
27126
27127
27140
1455
27138
27139
27141
27144
27145
1456
1458
1457
27164
27150
1459
27146
27147
27149
27151
1460
1462
1461
27153
27154
27155
27159
1463
27019
27156
27157
27158
1464
27160
27161
1466
1467
27162
1468
27163
1469
1473
1470
1471
1472
1475
27168
1474
27166
27167
27174
27171
1479
1481
1480
1478
1482
27169
27170
27172
27173
1484
1485
27175
27176
1488
1489
1486
1487
27181
27182
27183
1483
27196
1490
1491
27184
27185
27186
27192
27193
27194
27195
27197
27198
27199
27200
1465
27201
27203
1492
1493
1494
27202
27204
27205
27206
27207
27208
27209
1496
27210
27211
27212
1495
1498
27213
27214
27215
27216
27217
27218
27219
27220
27221
27222
27223
27224
27225
27226
1500
27232
27231
27233
27234
27235
1499
27227
27228
27229
27230
27236
27237
27239
27241
1502
27244
1501
1503
27238
27240
27242
27243
27246
1504
1505
1506
1508
1509
1510
1511
27245
27247
27248
27249
1512
1513
1514
1517
1518
1382
1515
1516
27250
27251
27252
27253
27254
27255
27257
27258
1519
1520
1521
27256
27259
27260
27261
27262
27263
27264
27265
27266
27267
27268
27269
27308
27309
1522
1523
1524
27298
27299
27300
27301
27302
27303
27304
27305
27306
27307
1525
1526
27450
1531
27319
1527
1528
1529
1530
1532
27310
27311
27312
27313
27314
27318
27320
27327
27328
1534
1533
27338
1535
27329
27325
27326
27321
27322
27323
27324
27330
27331
27332
1540
27334
27335
1536
1537
1538
1539
27333
27336
27337
27339
1545
9929
1541
1542
1543
1544
27340
1546
1547
27341
27342
27343
27344
27345
1548
1551
1552
1549
1550
1553
27356
27357
27346
27347
27348
27354
27355
1554
1555
1557
1558
1559
1560
27365
1556
27358
27359
27360
27361
27362
27363
27364
27371
27372
28032
28064
1564
1565
1561
1562
1563
27367
27368
27369
27370
10027
1566
1567
27373
27377
27407
27378
1569
1570
1571
27374
27375
27379
27380
27381
27382
27383
27384
27385
27386
27387
27388
27389
27390
27391
27392
27393
27394
27395
27396
27408
1572
1573
27409
27410
27411
27412
27413
27415
27416
27417
1574
1575
1576
27414
27911
1579
1578
27418
27420
1582
1583
1581
27419
27421
1584
27422
27423
1585
1586
1587
27424
27433
27425
27434
27435
27427
27436
27437
27438
27439
27440
27441
27442
1591
1588
1589
1590
27443
27444
27445
27446
27447
1593
1592
1594
1596
1595
1597
27448
27449
27451
1598
1599
27474
27452
1600
1601
1603
1604
1602
1605
27454
27455
27456
27457
27460
27461
1606
1607
27458
27459
27463
27464
27465
27466
1608
1609
1610
1611
1613
1614
1612
1616
1615
27476
28425
27467
27468
27469
27470
27471
27472
27473
27475
27477
27478
27479
27480
27481
27482
27483
27484
27485
27486
27487
27488
27491
27492
1622
1617
1618
1619
1621
27494
27495
27496
27489
27490
27493
27497
27498
27499
27500
27501
27502
27503
27504
27505
27506
27507
27509
1624
1625
27508
1623
27510
27511
27512
1626
1627
27513
27533
27534
27535
27547
1628
27541
27542
27543
27536
27537
27538
27539
27540
27544
27545
27546
27548
27549
27550
27551
33527
1620
1629
1630
27557
27552
1633
1634
1631
1632
27564
27565
27577
27558
27559
27560
27561
27562
27563
1641
1642
1643
27568
27569
1640
1644
1645
27567
27743
1646
27570
1647
27571
27572
27573
27575
27576
27581
1650
27578
27579
27580
27582
27583
27594
1651
1657
1652
1653
1654
1655
1656
27668
27595
27596
1659
1660
1661
1662
27584
27585
27586
27587
27588
27589
27591
27592
27593
27612
27613
27614
1664
27627
1663
27615
27616
27617
27618
27619
27620
27621
27622
27623
27624
27625
27626
27628
27630
1665
1666
27634
27633
27629
27631
1667
1671
27635
27639
27640
27641
27636
27637
1668
1669
1670
1672
27638
27644
27645
27646
1673
1674
1677
27642
27647
27648
27649
27650
1679
1681
1678
1680
27643
27651
27658
1682
1683
1688
1686
1687
27659
27660
27661
27662
27663
27664
27665
27666
27667
27669
27670
1694
1695
27672
27673
27674
27675
1697
1698
1699
1700
27676
27677
27678
27679
27680
27681
27682
27683
27684
27685
27686
27687
27688
27689
27690
27691
27692
27693
27694
27714
27715
1701
27695
27696
27697
27707
27709
27710
27711
27712
27713
27723
1703
27716
1704
1705
1706
27717
27718
27719
27721
27722
27724
27727
1707
27725
27726
1708
1709
1710
1711
1712
1715
1716
27730
1713
1714
27729
27728
1717
27731
27732
27733
27734
27735
27737
27738
27739
27853
29904
29905
29906
1718
1719
27744
1720
27740
27741
27742
1721
27745
1722
27762
27764
27766
27769
27746
27758
27759
27760
1723
1724
1725
27757
27761
27763
27767
27768
1726
1727
1728
1729
27770
27779
27780
27781
27782
27783
27784
1730
1731
1732
27790
27791
1733
27785
27786
27787
27788
27789
27792
27793
27932
1741
1742
1738
1740
27794
27795
27796
27797
27798
27799
27800
27810
27811
1743
27806
27801
27802
1744
27803
27804
27807
27808
27809
27812
27813
27814
27815
27816
27817
1746
1748
1749
1747
9909
27818
1754
1750
27820
1751
1752
1753
27819
1757
1758
1755
1756
1759
27821
27822
1760
1761
1763
1764
27830
1765
1766
1767
1768
1769
27823
27824
27825
27826
27827
27828
27829
27831
27832
27833
27834
27835
27836
27837
27838
27839
27840
27841
27850
1772
1773
1774
27842
27843
27844
27845
27846
27848
27849
1775
1776
27851
27852
27856
1777
27855
27857
27858
27919
27861
27862
1778
1779
27859
27863
1780
27864
27865
27866
27867
1781
1782
1783
1784
1785
1792
27882
1787
1788
1794
1789
1790
1793
1795
27868
27869
27870
27880
27881
27884
1791
1796
1797
27885
27886
27888
1801
1799
27891
27892
27893
27894
1798
1800
27889
27890
1802
27895
27896
27897
1806
1804
1805
1807
1808
27898
27899
27900
1809
1810
1813
1811
1812
1815
27901
27902
1814
1819
1820
27903
1816
1817
1818
27904
27985
1821
6
1823
1824
1825
1826
1827
1828
1829
27736
27906
1831
1832
1833
1834
10225
27905
1838
1835
1836
1837
27907
27908
27909
27910
27912
1839
1840
1841
1842
1843
1844
1845
1846
1847
27914
27915
1848
1849
1850
27913
27916
27917
27918
1852
27923
1851
27920
27921
27922
1856
27925
27930
27931
1853
1854
1855
27924
27926
27928
27929
1857
1858
1859
1860
27933
27934
28141
1867
1862
1861
1863
1864
1865
1866
27945
27946
27947
27948
27949
27950
27951
27952
27953
27954
27955
27956
27958
27959
27960
27961
28366
1868
1869
1870
1871
1872
1873
1874
28046
27962
27963
28039
28040
28041
28042
28043
28045
1875
1876
1880
27969
27971
1877
1878
1879
1881
1882
27972
27973
27974
27970
27975
27976
27977
27978
27964
27979
27980
27981
9914
27986
27987
1883
1884
27982
1885
1886
1887
27991
27990
27994
27995
27996
27997
27988
27989
27998
27993
1889
27992
1888
1890
1891
1892
1894
1893
27999
28000
28002
28003
28004
1895
1896
1897
1898
1899
1900
1901
1902
1903
28205
1906
28007
1904
1905
28006
28008
28009
28010
28011
28012
28013
28014
28015
28001
27984
28005
1907
1908
1909
28016
28017
28018
28019
28020
28021
28026
28222
1910
1911
1912
1913
1914
28022
28023
28024
28025
28027
1917
1915
28030
1916
1918
28028
28031
28033
1919
28034
28035
28036
28037
28038
28106
1920
1921
1922
1923
28047
28048
28057
1927
1924
1925
1926
28065
1928
1929
1930
1931
28058
28061
28062
28060
28059
28063
28066
28067
28119
28120
28121
28122
1935
28077
1932
1933
1934
1936
28068
28069
28070
28071
28072
28073
28074
28075
28076
1937
1938
1939
28078
28086
28087
1944
1940
1941
1942
1943
1945
28088
28089
28090
28091
28092
28093
28094
28095
28096
28097
28098
28099
28100
1946
28109
28136
1947
1949
28103
1948
28101
28102
1950
1951
1952
1953
1954
1955
28104
28105
28107
28108
28110
28111
28112
28135
1958
28118
1956
1957
28113
28114
28115
28116
28117
1962
1959
1960
1961
28124
28125
1965
1963
1964
28131
28132
28133
28134
28137
28138
28139
28140
1967
1972
28144
1973
1968
1969
1970
1971
1974
28142
28143
1976
1977
1978
1975
28145
28160
28146
28149
28150
28151
28152
28153
28154
28155
28156
28157
28158
28159
1980
28164
1981
1982
28161
28162
28163
1984
28165
1985
1983
28166
28167
28168
28169
28182
1986
1988
28181
28186
28189
1987
28176
28177
28178
28179
28180
1989
1990
1992
1991
1993
28190
28194
28196
1994
1995
28192
28193
28195
28197
1999
1997
1996
1998
28199
2000
2001
28202
2002
2003
28200
28201
28207
2004
28198
28203
28204
28206
28213
2005
28209
28210
28208
28211
28212
2006
2007
2008
2009
28214
28215
28216
28217
28219
28220
2011
9949
28224
28225
28226
2010
28223
28227
28228
2013
2015
2016
2014
2017
2012
2018
28230
28232
2019
2020
2021
2022
2023
2024
2025
2026
2027
2028
2029
2030
28229
28231
28233
28234
2031
2034
28235
2032
2033
2035
2036
2037
28244
28246
28245
2039
28252
2047
2048
2046
2049
28247
28248
28249
28250
28251
2051
2057
2056
2052
2053
2054
28254
2050
28253
28255
2059
28256
28257
2058
28258
2065
2061
2060
2062
2063
2064
2066
28259
28263
28265
28266
2067
2070
2068
2069
28260
28261
28262
28264
2073
28277
9946
2071
2072
28273
28267
28268
28269
28270
28274
28275
28276
28442
2074
2075
2076
28278
28280
28281
28282
28286
28293
28287
28288
2079
2080
28357
2077
2078
2081
28283
28289
28291
28292
2082
28298
2083
2084
28294
28295
28296
28297
28299
28301
2085
2086
2087
28303
28304
2091
2088
2089
2090
2092
28302
2094
28312
28314
2095
2096
28305
28306
28307
28308
28309
28310
28311
28315
28316
2106
2107
2108
2097
2098
2099
2100
2101
2102
2103
2104
2105
28317
28318
28319
28320
28321
28322
28323
2111
2109
2110
2113
2114
2115
2116
2117
28326
28327
28339
28340
28341
28342
28343
28345
28344
2124
28348
28358
28361
2136
2140
28360
2118
2119
2120
2121
2122
2123
2125
2127
2128
2129
2130
2131
2132
2133
2134
2135
2137
2138
2139
2141
2142
2143
28347
28349
28350
28351
28352
28353
28354
28355
28356
28359
2147
28401
2144
2152
2145
2146
2148
2149
2150
2151
2156
28367
28369
28365
28368
2153
2154
2155
2157
2158
2159
28362
28363
28364
2160
2162
2164
28373
28374
2161
2163
2165
2166
2167
2168
2169
2170
2171
2172
2173
28370
28371
28372
28378
28379
2174
28380
28381
2175
2176
2179
2180
28386
2177
2178
28383
28384
2185
2181
2182
2183
2184
2186
28382
28385
28395
28387
28389
28391
2187
2188
2189
2190
28388
28390
28392
2194
2195
2193
2191
2192
2196
28394
28396
2204
28397
28398
28400
2198
2199
2200
2201
2202
2203
2205
2206
2207
28399
28402
2208
2210
28405
28427
2209
2211
2212
2213
2214
2215
2216
28403
28404
2223
2217
2218
2219
2220
2221
2222
2224
2225
28406
2226
2227
2228
2229
2230
2231
2232
2238
28420
28421
2233
2234
2237
2235
2236
28410
28411
28412
28413
28414
28415
28416
28417
28418
28419
28422
28426
2244
2245
2246
2241
2242
2239
2240
2243
28423
2247
2248
2249
2250
2251
28424
2252
2253
2254
28324
2255
2256
2257
28763
28764
2258
2259
28429
28430
28431
28432
28433
28434
28435
28436
28437
2264
2260
2261
2262
2263
2265
28438
2266
2267
2268
2269
2274
2276
2277
2270
2271
2272
2273
2275
28439
28440
2278
2279
2280
28441
28443
28444
28446
28447
28464
28465
28466
28453
28454
28455
28456
28457
28458
28459
28460
28461
28462
2281
2282
28467
28469
2284
2286
2283
2285
2287
28468
28470
28471
28472
2288
2289
2290
28473
2291
2292
2294
28489
2293
2295
2296
2297
2298
2299
2300
28486
28487
28488
2302
2303
28491
2301
2304
2305
2306
2307
2308
2309
2310
28490
2311
2312
2313
2314
2315
28492
2320
2316
2317
2318
2319
2321
2322
2323
2324
2325
2326
2327
28493
28494
28495
28496
2334
2330
2331
2332
2328
28501
29083
2329
2333
2335
28497
28498
28499
2338
28504
2336
2337
2339
28502
28503
2340
2341
2342
2345
2343
2344
2346
2347
2348
28509
28505
28510
28511
28513
28521
28500
2349
2350
2351
2352
2353
2354
28514
28515
28516
28517
28518
28519
28520
28522
28523
28524
28525
28526
28527
28528
28529
28530
28531
28532
28533
28534
28535
28536
28537
28538
28539
28540
28541
28542
2360
2355
2358
2356
2357
2359
2361
2362
2363
2364
2365
28543
28544
28545
28546
28547
28548
28549
28551
28552
28554
28556
28565
28566
28567
28568
28580
28578
28785
28576
2366
2367
2368
28569
28570
28571
28572
28573
28574
28575
28577
28588
2369
2370
2371
2372
2373
2374
2375
28581
28582
28583
28584
28585
28586
28587
28589
29058
29059
29060
29061
29062
28595
2376
2377
2378
2379
2380
2381
28590
28591
28592
28593
28594
2382
2383
2384
2385
2386
2387
2388
28615
2389
2390
28597
28598
28599
28600
28601
2400
28602
2391
2392
2393
2394
2395
2396
2397
2398
2399
28603
28604
28611
28612
28613
28614
2404
2401
2403
2402
2405
28605
28606
28607
28608
28609
28610
28616
2412
2408
28639
28640
28641
28642
28643
2406
2407
2409
2410
2411
2413
2414
28617
28618
28619
28620
28621
28622
28623
28624
28625
28626
28627
28628
28629
28630
28631
28632
28633
28634
28635
28636
28637
28638
2415
2416
2417
2418
28644
28645
28646
28647
28721
28722
28648
28658
2425
2419
2420
2421
2422
2423
2424
28659
28660
28661
28666
2426
29575
2427
2428
2429
2431
2432
2433
2434
28662
28663
28664
28665
28667
28668
28669
28670
28671
28672
28673
28674
28675
28676
28686
28687
28688
28689
28690
28691
28710
2435
2436
2437
2438
28700
28694
28695
28696
28697
28698
28699
28692
28693
28701
28702
28703
28704
28711
2444
2440
2445
2439
2441
2442
2443
28714
28716
28719
28720
28769
28726
2448
22251
28725
2446
2447
2449
2450
2451
2452
2453
28727
2458
2460
2454
2455
2456
2457
2459
28730
28731
28728
28796
2463
2464
2461
2462
28729
28732
28733
28734
2466
2467
2465
2468
28736
28737
28738
28739
2469
2470
2471
2472
2473
28740
2474
2475
2476
2477
28749
28750
28751
28741
28743
28744
28745
28746
28747
28748
28752
28753
28754
28755
28756
28757
28758
28759
2482
28760
28765
28766
2478
2479
2480
2481
28761
28762
20954
2483
28767
28768
2484
2485
2486
2492
2487
2488
2489
2490
2491
28770
28771
28775
30825
2493
2494
2495
2496
2497
28772
28773
28774
28776
2498
2499
2500
2501
2502
2503
2504
2505
2506
2507
2508
2509
2510
2511
2512
2513
28777
28779
28780
28781
28782
28783
2515
2514
2516
2517
2518
2519
28784
28786
28787
2523
2524
2530
2520
2521
2522
2525
2526
2527
2528
2529
2531
2532
2533
2534
28790
28791
28792
28793
28794
28795
2541
2542
28812
28813
2543
28788
2535
2536
2537
2538
2539
2540
2544
2545
2546
2547
2548
2549
2550
2551
2552
2553
2554
28428
28797
28798
28799
28800
28801
28802
28803
28804
28814
2555
2556
2557
2558
28815
2565
2559
2560
2561
2562
2563
2564
2566
2567
2568
2571
28816
28822
2569
2580
2581
28817
2570
2572
2573
2574
2575
2576
2577
2578
2579
28778
28818
28821
28823
2586
2587
2582
2583
2584
2585
2588
2589
28819
28820
28824
28825
2590
2591
2592
2593
2594
2595
28826
28827
28829
2597
2601
2596
2598
2599
2600
2602
25431
28828
28830
28831
28832
28834
2603
2604
28833
28835
2605
2606
2607
2608
2609
2611
2612
2613
2614
2615
2616
2617
2620
2625
28847
28848
2621
2622
2623
2624
2626
2627
2628
28838
28839
28840
28842
28843
28844
28845
28846
2629
2639
28860
2633
2634
2635
2636
2641
28789
2637
2638
28849
28850
2630
2631
2632
2640
2642
2643
28851
28857
28858
28859
2650
2649
2651
2644
2645
2646
2647
2648
2652
28861
28862
2657
2653
2654
2655
2656
28863
28864
2658
2659
2660
2661
2662
28742
28865
28867
28868
2672
2671
2663
2664
2665
2666
2667
2668
2669
2670
28869
2676
2680
2673
2674
2675
2677
2678
2679
2682
28880
2689
2690
28836
28837
28876
28877
2681
2683
2684
2685
2686
2687
2688
28866
28870
28871
28872
28873
28874
28875
28878
28879
28881
28886
2695
28884
28887
28888
2691
2692
2693
2694
28883
28885
28889
28890
28891
2700
28894
2699
2696
2697
2698
2701
28892
28895
28897
2702
2703
2704
28896
28898
2708
2706
2707
2709
28900
28901
28902
28903
28904
28905
28906
28907
28908
2715
2716
28911
2710
2711
2712
2713
2714
2717
2718
28909
28910
28912
2719
2720
2721
2722
2730
2729
28916
2724
2725
2726
2727
2728
2731
2732
28913
28914
28917
28918
28919
28920
28921
28922
28923
28924
28925
28926
28927
28928
28929
28930
28931
28932
28933
28934
28935
28936
28937
2734
2735
2733
2736
28899
28938
28939
2737
2738
2743
2739
2740
2741
2742
28893
28940
28941
28942
28943
28944
28945
28946
28947
29303
28948
2744
2745
2746
2747
2748
28949
28950
28951
28952
33532
2749
2753
2750
2751
2752
28953
28954
28963
28964
28965
2754
2755
2756
2757
2758
28967
28980
2759
2760
2761
2762
2763
2764
2765
2766
2767
28998
28999
29000
29001
29002
29003
29004
29005
29006
28984
2770
2771
28981
28987
2768
2769
2772
2773
2774
2775
28982
28983
28986
28988
28989
28990
28991
28992
28993
28994
2783
29007
2784
2776
2777
2778
2779
2780
2781
2782
28985
29008
29010
29011
29012
29013
29014
29015
29016
29017
29018
29024
29025
29026
29027
29028
29029
29030
29031
29040
2787
29039
29036
2788
2785
29032
29045
2786
29009
29037
29038
29041
29042
29043
29044
29046
29047
29069
29070
2789
2790
2791
29048
29049
29050
29051
29053
29054
29063
29064
29198
29199
29200
29076
2800
2794
2795
2796
2797
2798
2799
2807
2808
29071
29072
29073
29074
29075
29077
29078
29079
29080
29081
2809
29033
29096
2810
2811
2812
29086
29085
29084
29087
29088
29089
29090
29093
29094
29095
29232
29233
2813
2814
29144
2815
29102
29118
29097
29098
29099
29100
29101
29103
29104
29105
29106
29107
29108
29109
29110
29111
29112
29113
29114
29115
29116
29117
29119
29120
29121
29122
29123
29124
29126
29128
29133
29134
29135
29136
29137
29141
29142
29143
29145
29161
2821
2824
29160
29146
2817
2818
2819
2820
2822
2823
2826
2827
29151
29152
29153
29154
29155
29156
29157
29158
29159
29162
29172
29167
2828
2829
2830
2831
29165
29166
29170
2837
29171
2832
2833
2834
2835
2836
2838
2839
2840
2842
29173
2841
2843
2844
29174
29175
29176
29177
29178
29179
2846
2847
2848
2849
2850
29180
29181
29182
29183
29184
29185
29186
29187
29188
29189
29190
2851
2852
2853
2854
2855
2857
29194
2856
29191
29192
29193
29195
29196
29197
2860
2861
2858
2859
2862
28735
29201
2863
2864
2874
2872
2873
2865
2866
2870
2867
2869
2871
29202
29203
2879
29204
2880
2876
2877
2878
2881
29216
29205
29207
2882
2883
2884
2885
29217
29218
29219
30250
2887
2886
2888
2889
2890
2892
2893
2891
29221
29222
29220
29223
29224
29225
29226
29227
29228
29229
29236
2894
29231
2895
29239
10024
2896
2897
2898
2899
29237
29238
29240
2900
2901
2902
2903
2904
2905
2906
2907
2908
2909
29241
29242
29243
29244
29245
29246
29247
29248
29249
29250
29251
29252
29253
29254
29255
29267
29268
29269
29270
29271
2910
2911
2912
2913
2914
2915
2916
29277
2917
2919
2920
29275
29276
29272
2922
2921
2923
2924
2925
2926
2928
2927
29278
2929
11736
29281
2930
2931
29282
29283
29284
2934
2935
29285
29286
29287
2933
2936
2937
2938
2939
2940
2941
29288
29289
29293
2942
2946
2947
29295
29446
2943
2944
2945
2948
29294
2949
2952
2954
2961
29296
29297
2950
2951
2959
2953
2955
2956
2957
2958
2960
2962
2963
29298
29299
2966
2967
29302
2964
2965
2968
29300
29301
29304
2972
2974
2969
2970
2971
2973
2975
2976
2977
2978
29305
29310
2979
2980
2982
29306
29308
29311
29313
29314
29333
2985
2981
2983
2984
2986
2987
2988
2989
2990
2991
2992
2993
2994
2995
2996
29334
29335
2997
2998
2999
3000
3001
29336
29337
3013
3002
3003
3004
3005
3006
3007
3008
3009
3010
3011
3012
3014
29338
3023
3015
3016
3017
3018
3019
3020
29342
29343
29344
29345
29346
29347
29348
29349
29350
29351
29352
29362
3024
3025
3026
3027
3028
3029
29215
29356
29357
29358
29359
29360
29361
29363
29364
29365
29366
29367
29368
29369
29370
3030
3034
3031
3032
3033
3035
3036
3038
3041
3042
3037
29371
3039
29372
3043
3044
3045
3046
3047
3048
3049
3050
3051
29373
3052
3056
3055
3058
3053
3054
3057
3059
29374
3063
3064
3067
3060
3061
3062
3065
3066
3068
3069
3070
30222
30971
29375
29376
29377
29378
29379
29380
29381
29382
3071
3072
3077
29383
29527
3073
3074
3075
3076
30984
3078
3080
3079
3081
3087
3088
3084
3086
31072
3082
3083
3085
3089
29384
29385
29390
29391
29392
29393
29394
29395
29396
29397
29399
3090
29398
3098
3094
3092
3091
3093
3095
3096
3097
29437
3101
29402
3102
29403
3099
29400
3100
3103
29401
3110
29406
3107
29439
3104
3105
3106
3108
29404
29405
29407
29408
29409
29410
29411
29412
29413
29414
29415
29416
29417
29418
29419
29420
29421
29422
29423
29424
29425
29426
29427
29428
29429
29430
29431
29432
29433
29434
29438
3112
29441
3109
3113
29443
29444
3114
3115
29442
3119
29447
29448
29449
3116
3117
3118
3120
3121
29450
29451
3111
29452
29454
3122
3123
29453
3126
3127
3128
3130
3124
3125
29455
29458
29461
29463
29470
3131
29465
29467
3132
3133
3134
3135
29456
29457
29464
29466
29468
29469
31030
29473
3137
29475
29474
29477
29478
29479
29480
29481
29472
29483
29484
29485
29486
29487
29488
29489
3139
3142
3149
3140
3148
29490
3141
3143
3144
3145
3146
3147
3150
29491
29492
3151
3155
29787
3154
29496
3152
3153
3157
3156
3159
3158
3160
29502
3161
3162
3163
3164
3165
29497
29498
29499
3166
3167
3173
3168
3170
9932
3169
3171
3172
3174
29503
3176
3175
29504
29505
29506
29507
3182
29509
3177
3178
3179
3181
3180
3183
3184
29508
3190
29520
3189
3185
3186
3187
3191
3192
29521
29522
3193
3200
29523
29524
3194
3195
3196
3197
3198
3204
29531
29528
3201
3202
3203
29529
29530
29532
29535
3211
3205
3206
3207
3208
3209
3210
3212
29533
29534
29537
3213
3218
3214
3215
3216
3217
3223
3224
29536
3219
3220
29538
3221
3222
3229
3230
29540
29551
29553
29554
29555
3225
3226
3227
3228
3231
29539
3232
3233
3234
3235
3236
3237
3238
3239
3240
3241
3242
3243
29556
29557
3248
29558
3244
3245
3246
3247
3249
3250
3254
3257
29607
3251
3252
3253
3255
3256
3258
3259
29559
29560
29561
3260
3261
3262
3263
29562
29563
29564
29565
29566
3264
3265
3266
3272
3269
3267
3268
3270
3271
29567
29568
3276
3277
3273
3274
3279
3275
3278
29569
33173
33174
33175
3280
3281
3282
3283
3284
29571
3289
3290
3291
3285
3286
3287
3288
29572
29577
29573
29574
29576
3293
3294
3292
3296
9918
29595
3295
29578
29579
29580
29581
29582
29583
29584
29585
29586
29587
29588
29589
29590
29591
29592
29593
29596
29597
29598
3304
3302
3303
3297
3298
3299
3300
3301
3305
29599
29600
29601
3306
3307
3308
3309
3310
3311
29602
29603
3312
3313
3314
3315
3317
3318
29604
29605
29606
3319
3320
29614
3321
3322
3323
3324
3325
3326
29608
29609
29610
29611
3327
3331
3330
3329
3328
3332
29616
29617
29618
3333
3335
3334
29615
31269
31270
31265
31266
31267
31268
3341
3343
3347
29620
3342
3340
29619
3336
3337
3338
3339
3344
3345
3346
3348
29621
29622
3350
3349
3356
3351
3352
3353
3354
3355
3357
29623
29624
29625
29626
29627
29628
29629
29630
3358
3359
3360
3361
29631
29632
29634
29635
29636
29637
29638
29639
3362
3363
3364
25452
3365
3366
3367
29640
29641
29642
29643
3369
3370
3371
3372
3373
29644
29645
29646
29647
29648
29649
29650
29651
29652
29653
29658
29661
29662
29659
29660
3374
29664
3375
3376
3377
3378
25453
3379
29677
29678
29679
29680
29681
29682
29676
29663
29665
29703
29704
29705
29683
3380
3381
29685
3382
29684
3385
3383
3384
3386
3388
29686
29687
29688
3387
3392
3394
29692
29693
29695
3389
3391
3395
9939
30319
3390
3393
29694
29696
29697
29698
3396
3399
3397
29699
3398
3400
29700
29701
29702
29712
3402
3404
3407
3413
3414
3405
3403
3406
3408
3409
3410
3411
3412
3415
29713
30444
3417
29714
9945
29689
29690
29691
3416
29715
3418
3419
29716
3420
29820
3421
29717
3424
3426
3427
3429
3422
3425
3423
3428
3430
3432
3433
3434
29720
29721
3431
3435
3436
3437
3438
3441
3444
29723
29724
3439
3440
3442
29725
3443
3447
29722
29726
3453
3451
3452
3448
3449
3450
29727
29728
29729
29730
29731
3454
3455
3456
3457
3458
3459
3461
3464
3460
3462
3463
29732
29735
3465
3466
29736
29738
3467
3468
3469
3470
3471
3472
3473
29737
29740
3479
3480
3474
29739
29741
29785
3476
3477
3478
29786
29743
3488
29746
3482
3491
3481
3483
3484
3485
3486
3487
3489
3490
3492
3493
3494
29742
29744
29745
3499
3495
29749
3496
3497
3498
3500
3501
29747
29748
29750
30103
3502
3503
3504
29751
3514
3505
3506
3507
3508
3509
3510
3511
3512
3513
3517
29752
29753
3515
3516
3518
3519
3520
3521
29754
29755
29756
29757
29758
29759
29760
29761
3526
3527
10100
29767
3525
3529
3522
3524
3528
3530
29762
29763
29764
29765
29766
3535
29900
29901
3531
3537
3540
29768
29769
29770
3532
3533
3534
3536
3538
3539
3547
3541
3544
3542
3543
3545
3546
